  .0108650000  .0047755010
  .0108609579  .0047677406
  .0108569167  .0047599943
  .0108528746  .0047522585
  .0108488325  .0047445351
  .0108447913  .0047368258
  .0108407492  .0047291270
  .0108367071  .0047214406
  .0108326659  .0047137682
  .0108286238  .0047061064
  .0108245817  .0046984570
  .0108205405  .0046908216
  .0108164984  .0046831968
  .0108124572  .0046755861
  .0108084151  .0046679859
  .0108043730  .0046603982
  .0108003319  .0046528244
  .0107962898  .0046452613
  .0107922476  .0046377104
  .0107882065  .0046301737
  .0107841644  .0046226475
  .0107801222  .0046151337
  .0107760811  .0046076340
  .0107720390  .0046001448
  .0107679968  .0045926679
  .0107639557  .0045852051
  .0107599136  .0045777529
  .0107558715  .0045703131
  .0107518303  .0045628873
  .0107477882  .0045554721
  .0107437461  .0045480693
  .0107397049  .0045406804
  .0107356628  .0045333022
  .0107316216  .0045259380
  .0107275795  .0045185845
  .0107235374  .0045112433
  .0107194962  .0045039161
  .0107154541  .0044965996
  .0107114120  .0044892953
  .0107073708  .0044820051
  .0107033287  .0044747255
  .0106992866  .0044674583
  .0106952454  .0044602050
  .0106912033  .0044529625
  .0106871612  .0044457322
  .0106831201  .0044385160
  .0106790779  .0044313104
  .0106750358  .0044241171
  .0106709947  .0044169379
  .0106669525  .0044097693
  .0106629104  .0044026130
  .0106588693  .0043954707
  .0106548271  .0043883391
  .0106507860  .0043812215
  .0106467439  .0043741145
  .0106427017  .0043670199
  .0106386606  .0043599392
  .0106346184  .0043528692
  .0106305764  .0043458116
  .0106265352  .0043387679
  .0106224931  .0043317350
  .0106184510  .0043247143
  .0106144098  .0043177076
  .0106103677  .0043107116
  .0106063255  .0043037279
  .0106022844  .0042967582
  .0105982423  .0042897993
  .0105942002  .0042828526
  .0105901590  .0042759198
  .0105861169  .0042689979
  .0105820748  .0042620882
  .0105780336  .0042551924
  .0105739915  .0042483074
  .0105699503  .0042414363
  .0105659082  .0042345760
  .0105618661  .0042277279
  .0105578249  .0042208938
  .0105537828  .0042140704
  .0105497407  .0042072594
  .0105456995  .0042004622
  .0105416574  .0041936758
  .0105376153  .0041869018
  .0105335741  .0041801417
  .0105295320  .0041733922
  .0105254899  .0041666552
  .0105214487  .0041599320
  .0105174067  .0041532197
  .0105133645  .0041465195
  .0105093233  .0041398333
  .0105052812  .0041331579
  .0105012391  .0041264948
  .0104971979  .0041198456
  .0104931558  .0041132072
  .0104891146  .0041065825
  .0104850725  .0040999688
  .0104810304  .0040933673
  .0104769893  .0040867799
  .0104729473  .0040802032
  .0104689051  .0040736387
  .0104648637  .0040670878
  .0104608216  .0040605480
  .0104567795  .0040540205
  .0104527385  .0040475071
  .0104486964  .0040410043
  .0104446542  .0040345138
  .0104406132  .0040280375
  .0104365711  .0040215716
  .0104325290  .0040151181
  .0104284876  .0040086781
  .0104244455  .0040022493
  .0104204034  .0039958328
  .0104163624  .0039894304
  .0104123203  .0039830385
  .0104082781  .0039766590
  .0104042368  .0039702930
  .0104001947  .0039639382
  .0103961536  .0039575973
  .0103921115  .0039512671
  .0103880694  .0039449492
  .0103840284  .0039386454
  .0103799862  .0039323522
  .0103759441  .0039260713
  .0103719028  .0039198039
  .0103678607  .0039135478
  .0103638185  .0039073038
  .0103597775  .0039010740
  .0103557354  .0038948547
  .0103516933  .0038886478
  .0103476519  .0038824544
  .0103436101  .0038762726
  .0103395679  .0038701027
  .0103355266  .0038639463
  .0103314845  .0038578011
  .0103274424  .0038516681
  .0103234014  .0038455492
  .0103193593  .0038394410
  .0103153179  .0038333461
  .0103112758  .0038272625
  .0103072336  .0038211912
  .0103031926  .0038151340
  .0102991505  .0038090873
  .0102951084  .0038030530
  .0102910670  .0037970322
  .0102870253  .0037910231
  .0102829831  .0037850258
  .0102789417  .0037790419
  .0102748996  .0037730693
  .0102708575  .0037671090
  .0102668165  .0037611626
  .0102627744  .0037552270
  .0102587322  .0037493037
  .0102546909  .0037433938
  .0102506488  .0037374952
  .0102466070  .0037316093
  .0102425656  .0037257364
  .0102385235  .0037198747
  .0102344825  .0037140270
  .0102304404  .0037081899
  .0102263982  .0037023653
  .0102223569  .0036965540
  .0102183147  .0036907539
  .0102142726  .0036849662
  .0102102316  .0036791925
  .0102061895  .0036734294
  .0102021474  .0036676787
  .0101981060  .0036619414
  .0101940639  .0036562153
  .0101900218  .0036505016
  .0101859808  .0036448018
  .0101819386  .0036391127
  .0101778965  .0036334360
  .0101738554  .0036277731
  .0101698134  .0036221211
  .0101657713  .0036164814
  .0101617299  .0036108550
  .0101576877  .0036052399
  .0101536467  .0035996387
  .0101496046  .0035940483
  .0101455625  .0035884702
  .0101415211  .0035829054
  .0101374794  .0035773525
  .0101334372  .0035718114
  .0101293959  .0035662837
  .0101253538  .0035607672
  .0101213116  .0035552631
  .0101172706  .0035497728
  .0101132285  .0035442934
  .0101091864  .0035388262
  .0101051450  .0035333725
  .0101011030  .0035279301
  .0100970608  .0035224999
  .0100930198  .0035170835
  .0100889776  .0035116781
  .0100849355  .0035062849
  .0100808942  .0035009052
  .0100768524  .0034955371
  .0100728110  .0034901819
  .0100687689  .0034848381
  .0100647264  .0034795062
  .0100606843  .0034741830
  .0100566413  .0034688647
  .0100525983  .0034635525
  .0100485563  .0034582477
  .0100445129  .0034529472
  .0100404700  .0034476533
  .0100364279  .0034423667
  .0100323849  .0034370850
  .0100283418  .0034318093
  .0100242996  .0034265407
  .0100202565  .0034212772
  .0100162135  .0034160199
  .0100121714  .0034107698
  .0100081285  .0034055247
  .0100040854  .0034002856
  .0100000434  .0033950540
  .0099960001  .0033898266
  .0099919580  .0033846071
  .0099879150  .0033793925
  .0099838720  .0033741838
  .0099798297  .0033689823
  .0099757866  .0033637858
  .0099717436  .0033585956
  .0099677016  .0033534126
  .0099636586  .0033482345
  .0099596155  .0033430625
  .0099555735  .0033378979
  .0099515302  .0033327377
  .0099474872  .0033275840
  .0099434452  .0033224376
  .0099394022  .0033172961
  .0099353591  .0033121606
  .0099313168  .0033070321
  .0099272738  .0033019089
  .0099232308  .0032967919
  .0099191887  .0032916820
  .0099151457  .0032865770
  .0099111027  .0032814782
  .0099070603  .0032763863
  .0099030173  .0032712997
  .0098989753  .0032662203
  .0098949323  .0032611459
  .0098908892  .0032560775
  .0098868470  .0032510161
  .0098828039  .0032459599
  .0098787609  .0032409098
  .0098747189  .0032358671
  .0098706758  .0032308291
  .0098666328  .0032257974
  .0098625904  .0032207725
  .0098585475  .0032157530
  .0098545044  .0032107394
  .0098504624  .0032057333
  .0098464194  .0032007319
  .0098423764  .0031957367
  .0098383340  .0031907484
  .0098342910  .0031857655
  .0098302480  .0031807885
  .0098262060  .0031758190
  .0098221629  .0031708541
  .0098181206  .0031658964
  .0098140776  .0031609439
  .0098100346  .0031559975
  .0098059925  .0031510583
  .0098019495  .0031461240
  .0097979065  .0031411959
  .0097938641  .0031362746
  .0097898211  .0031313587
  .0097857781  .0031264488
  .0097817361  .0031215463
  .0097776930  .0031166486
  .0097736498  .0031117567
  .0097696077  .0031068724
  .0097655647  .0031019930
  .0097615217  .0030971197
  .0097574795  .0030922536
  .0097534366  .0030873926
  .0097493933  .0030825373
  .0097453513  .0030776896
  .0097413082  .0030728467
  .0097372662  .0030680113
  .0097332232  .0030631806
  .0097291799  .0030583558
  .0097251378  .0030535385
  .0097210948  .0030487263
  .0097170518  .0030439200
  .0097130098  .0030391211
  .0097089667  .0030343270
  .0097049237  .0030295391
  .0097008814  .0030247581
  .0096968385  .0030199824
  .0096927953  .0030152127
  .0096887533  .0030104503
  .0096847100  .0030056925
  .0096806670  .0030009411
  .0096766250  .0029961971
  .0096725819  .0029914579
  .0096685389  .0029867248
  .0096644968  .0029819990
  .0096604536  .0029772779
  .0096564116  .0029725643
  .0096523685  .0029678556
  .0096483256  .0029631530
  .0096442835  .0029584576
  .0096402405  .0029537673
  .0096361972  .0029490826
  .0096321551  .0029444055
  .0096281121  .0029397335
  .0096240692  .0029350676
  .0096200268  .0029304084
  .0096159837  .0029257546
  .0096119407  .0029211069
  .0096078987  .0029164664
  .0096038557  .0029118309
  .0095998126  .0029072014
  .0095957706  .0029025792
  .0095917274  .0028979618
  .0095876842  .0028933504
  .0095836423  .0028887466
  .0095795994  .0028841479
  .0095755571  .0028795558
  .0095715140  .0028749690
  .0095674710  .0028703884
  .0095634287  .0028658146
  .0095593859  .0028612464
  .0095553429  .0028566841
  .0095513004  .0028521285
  .0095472575  .0028475783
  .0095432143  .0028430341
  .0095391723  .0028384973
  .0095351295  .0028339656
  .0095310861  .0028294395
  .0095270441  .0028249208
  .0095230011  .0028204073
  .0095189579  .0028158996
  .0095149159  .0028113994
  .0095108731  .0028069043
  .0095068297  .0028024147
  .0095027875  .0027979325
  .0094987447  .0027934557
  .0094947015  .0027889846
  .0094906595  .0027845209
  .0094866166  .0027800623
  .0094825741  .0027756103
  .0094785311  .0027711638
  .0094744883  .0027667236
  .0094704460  .0027622900
  .0094664031  .0027578620
  .0094623598  .0027534395
  .0094583177  .0027490245
  .0094542748  .0027446146
  .0094502316  .0027402105
  .0094461896  .0027358139
  .0094421466  .0027314223
  .0094381034  .0027270365
  .0094340612  .0027226580
  .0094300184  .0027182848
  .0094259750  .0027139172
  .0094219332  .0027095573
  .0094178902  .0027052022
  .0094138468  .0027008528
  .0094098048  .0026965110
  .0094057620  .0026921744
  .0094017196  .0026878445
  .0093976768  .0026835201
  .0093936338  .0026792016
  .0093895913  .0026748897
  .0093855484  .0026705836
  .0093815056  .0026662836
  .0093774632  .0026619902
  .0093734203  .0026577022
  .0093693768  .0026534199
  .0093653349  .0026491451
  .0093612920  .0026448756
  .0093572487  .0026406116
  .0093532069  .0026363553
  .0093491639  .0026321039
  .0093451207  .0026278584
  .0093410785  .0026236200
  .0093370356  .0026193871
  .0093329923  .0026151597
  .0093289503  .0026109398
  .0093249073  .0026067249
  .0093208649  .0026025168
  .0093168221  .0025983144
  .0093127791  .0025941178
  .0093087369  .0025899282
  .0093046939  .0025857439
  .0093006509  .0025815656
  .0092966085  .0025773941
  .0092925657  .0025732282
  .0092885223  .0025690678
  .0092844805  .0025649152
  .0092804375  .0025607674
  .0092763941  .0025566253
  .0092723521  .0025524908
  .0092683093  .0025483614
  .0092642660  .0025442377
  .0092602238  .0025401212
  .0092561809  .0025360102
  .0092521376  .0025319047
  .0092480957  .0025278069
  .0092440527  .0025237140
  .0092400106  .0025196280
  .0092359676  .0025155473
  .0092319245  .0025114726
  .0092278822  .0025074048
  .0092238394  .0025033425
  .0092197964  .0024992862
  .0092157542  .0024952368
  .0092117111  .0024911926
  .0092076678  .0024871542
  .0092036258  .0024831233
  .0091995830  .0024790976
  .0091955398  .0024750776
  .0091914976  .0024710648
  .0091874546  .0024670572
  .0091834114  .0024630556
  .0091793694  .0024590612
  .0091753266  .0024550721
  .0091712832  .0024510886
  .0091672412  .0024471124
  .0091631982  .0024431415
  .0091591560  .0024391774
  .0091551130  .0024352186
  .0091510702  .0024312661
  .0091470276  .0024273199
  .0091429848  .0024233796
  .0091389418  .0024194452
  .0091348995  .0024155175
  .0091308566  .0024115955
  .0091268136  .0024076793
  .0091227713  .0024037699
  .0091187282  .0023998660
  .0091146854  .0023959683
  .0091106431  .0023920772
  .0091066002  .0023881918
  .0091025569  .0023843119
  .0090985149  .0023804394
  .0090944719  .0023765720
  .0090904287  .0023727106
  .0090863867  .0023688564
  .0090823438  .0023650075
  .0090783013  .0023611650
  .0090742583  .0023573282
  .0090702155  .0023534975
  .0090661731  .0023496735
  .0090621303  .0023458551
  .0090580873  .0023420426
  .0090540449  .0023382368
  .0090500019  .0023344365
  .0090459591  .0023306425
  .0090419167  .0023268550
  .0090378739  .0023230732
  .0090338309  .0023192973
  .0090297885  .0023155281
  .0090257455  .0023117644
  .0090217027  .0023080069
  .0090176603  .0023042560
  .0090136173  .0023005106
  .0090095743  .0022967713
  .0090055320  .0022930387
  .0090014891  .0022893117
  .0089974458  .0022855903
  .0089934040  .0022818765
  .0089893609  .0022781676
  .0089853186  .0022744655
  .0089812756  .0022707688
  .0089772327  .0022670785
  .0089731904  .0022633946
  .0089691476  .0022597164
  .0089651044  .0022560440
  .0089610620  .0022523784
  .0089570192  .0022487185
  .0089529763  .0022450647
  .0089489340  .0022414174
  .0089448910  .0022377756
  .0089408480  .0022341399
  .0089368056  .0022305109
  .0089327628  .0022268876
  .0089287198  .0022232702
  .0089246776  .0022196597
  .0089206346  .0022160544
  .0089165916  .0022124553
  .0089125492  .0022088629
  .0089085064  .0022052761
  .0089044641  .0022016959
  .0089004209  .0021981210
  .0088963780  .0021945526
  .0088923357  .0021909906
  .0088882928  .0021874343
  .0088842498  .0021838840
  .0088802077  .0021803405
  .0088761646  .0021768024
  .0088721216  .0021732703
  .0088680793  .0021697449
  .0088640365  .0021662252
  .0088599934  .0021627115
  .0088559513  .0021592046
  .0088519081  .0021557028
  .0088478652  .0021522075
  .0088438229  .0021487187
  .0088397801  .0021452356
  .0088357370  .0021417584
  .0088316945  .0021382878
  .0088276517  .0021348229
  .0088236094  .0021313646
  .0088195665  .0021279120
  .0088155235  .0021244652
  .0088114813  .0021210254
  .0088074381  .0021175907
  .0088033953  .0021141625
  .0087993530  .0021107407
  .0087953101  .0021073247
  .0087912671  .0021039145
  .0087872248  .0021005111
  .0087831817  .0020971131
  .0087791389  .0020937215
  .0087750966  .0020903363
  .0087710537  .0020869568
  .0087670109  .0020835834
  .0087629684  .0020802164
  .0087589253  .0020768550
  .0087548825  .0020734999
  .0087508402  .0020701513
  .0087467973  .0020668084
  .0087427548  .0020634719
  .0087387120  .0020601412
  .0087346690  .0020568164
  .0087306268  .0020534984
  .0087265838  .0020501858
  .0087225409  .0020468795
  .0087184985  .0020435795
  .0087144556  .0020402854
  .0087104126  .0020369972
  .0087063702  .0020337156
  .0087023274  .0020304398
  .0086982843  .0020271698
  .0086942421  .0020239066
  .0086901990  .0020206489
  .0086861562  .0020173974
  .0086821138  .0020141525
  .0086780710  .0020109132
  .0086740279  .0020076798
  .0086699857  .0020044532
  .0086659426  .0020012320
  .0086619008  .0019980179
  .0086578575  .0019948088
  .0086538146  .0019916061
  .0086497724  .0019884100
  .0086457291  .0019852190
  .0086416862  .0019820346
  .0086376439  .0019788567
  .0086336011  .0019756845
  .0086295580  .0019725182
  .0086255157  .0019693586
  .0086214727  .0019662045
  .0086174298  .0019630567
  .0086133875  .0019599153
  .0086093447  .0019567797
  .0086053016  .0019536500
  .0086012594  .0019505270
  .0085972163  .0019474095
  .0085931734  .0019442982
  .0085891311  .0019411934
  .0085850883  .0019380944
  .0085810451  .0019350011
  .0085770027  .0019319146
  .0085729599  .0019288339
  .0085689178  .0019257598
  .0085648747  .0019226910
  .0085608317  .0019196283
  .0085567897  .0019165726
  .0085527463  .0019135219
  .0085487035  .0019104777
  .0085446614  .0019074402
  .0085406183  .0019044080
  .0085365751  .0019013818
  .0085325328  .0018983624
  .0085284900  .0018953486
  .0085244471  .0018923410
  .0085204048  .0018893399
  .0085163617  .0018863443
  .0085123187  .0018833548
  .0085082764  .0018803720
  .0085042336  .0018773948
  .0085001905  .0018744236
  .0084961484  .0018714592
  .0084921052  .0018685001
  .0084880633  .0018655481
  .0084840200  .0018626010
  .0084799772  .0018596605
  .0084759349  .0018567264
  .0084718921  .0018537972
  .0084678492  .0018508728
  .0084638072  .0018479537
  .0084597644  .0018450390
  .0084557217  .0018421292
  .0084516797  .0018392246
  .0084476369  .0018363244
  .0084435940  .0018334288
  .0084395519  .0018305387
  .0084355090  .0018276528
  .0084314662  .0018247719
  .0084274242  .0018218962
  .0084233812  .0018190248
  .0084193386  .0018161584
  .0084152967  .0018132973
  .0084112540  .0018104406
  .0084072120  .0018075890
  .0084031688  .0018047415
  .0083991263  .0018018993
  .0083950842  .0017990623
  .0083910413  .0017962294
  .0083869988  .0017934017
  .0083829567  .0017905791
  .0083789136  .0017877606
  .0083748709  .0017849472
  .0083708289  .0017821390
  .0083667861  .0017793352
  .0083627431  .0017765361
  .0083587014  .0017737427
  .0083546583  .0017709531
  .0083506156  .0017681687
  .0083465736  .0017653895
  .0083425307  .0017626145
  .0083384879  .0017598445
  .0083344459  .0017570797
  .0083304029  .0017543192
  .0083263609  .0017515642
  .0083223184  .0017488136
  .0083182752  .0017460674
  .0083142334  .0017433269
  .0083101905  .0017405905
  .0083061477  .0017378590
  .0083021059  .0017351331
  .0082980627  .0017324110
  .0082940202  .0017296941
  .0082899782  .0017269824
  .0082859353  .0017242750
  .0082818926  .0017215725
  .0082778507  .0017188754
  .0082738075  .0017161822
  .0082697648  .0017134942
  .0082657228  .0017108115
  .0082616800  .0017081330
  .0082576373  .0017054595
  .0082535953  .0017027912
  .0082495522  .0017001271
  .0082455105  .0016974686
  .0082414676  .0016948142
  .0082374246  .0016921646
  .0082333830  .0016895207
  .0082293401  .0016868808
  .0082252969  .0016842455
  .0082212549  .0016816157
  .0082172123  .0016789905
  .0082131694  .0016763699
  .0082091274  .0016737546
  .0082050844  .0016711436
  .0082010416  .0016685375
  .0081969998  .0016659369
  .0081929569  .0016633404
  .0081889139  .0016607486
  .0081848721  .0016581624
  .0081808292  .0016555803
  .0081767865  .0016530032
  .0081727446  .0016504315
  .0081687014  .0016478637
  .0081646588  .0016453011
  .0081606167  .0016427437
  .0081565739  .0016401906
  .0081525319  .0016376429
  .0081484892  .0016350996
  .0081444462  .0016325608
  .0081404044  .0016300277
  .0081363615  .0016274987
  .0081323186  .0016249745
  .0081282768  .0016224558
  .0081242340  .0016199414
  .0081201908  .0016174315
  .0081161491  .0016149273
  .0081121062  .0016124273
  .0081080633  .0016099320
  .0081040213  .0016074421
  .0080999786  .0016049567
  .0080959356  .0016024758
  .0080918936  .0016000004
  .0080878509  .0015975294
  .0080838081  .0015950631
  .0080797663  .0015926023
  .0080757231  .0015901455
  .0080716814  .0015876944
  .0080676384  .0015852473
  .0080635956  .0015828052
  .0080595536  .0015803683
  .0080555104  .0015779356
  .0080514679  .0015755081
  .0080474258  .0015730857
  .0080433832  .0015706678
  .0080393401  .0015682544
  .0080352984  .0015658466
  .0080312554  .0015634430
  .0080272125  .0015610442
  .0080231705  .0015586508
  .0080191279  .0015562618
  .0080150848  .0015538773
  .0080110430  .0015514985
  .0080070001  .0015491238
  .0080029573  .0015467540
  .0079989153  .0015443895
  .0079948726  .0015420294
  .0079908306  .0015396745
  .0079867875  .0015373239
  .0079827448  .0015349782
  .0079787028  .0015326378
  .0079746602  .0015303019
  .0079706173  .0015279706
  .0079665753  .0015256447
  .0079625324  .0015233230
  .0079584896  .0015210063
  .0079544475  .0015186948
  .0079504046  .0015163876
  .0079463618  .0015140853
  .0079423201  .0015117885
  .0079382769  .0015094956
  .0079342342  .0015072079
  .0079301923  .0015049254
  .0079261493  .0015026471
  .0079221065  .0015003737
  .0079180644  .0014981056
  .0079140219  .0014958421
  .0079099798  .0014935836
  .0079059370  .0014913295
  .0079018940  .0014890802
  .0078978520  .0014868362
  .0078938092  .0014845966
  .0078897665  .0014823619
  .0078857245  .0014801324
  .0078816814  .0014779071
  .0078776388  .0014756869
  .0078735967  .0014734718
  .0078695539  .0014712612
  .0078655113  .0014690554
  .0078614692  .0014668548
  .0078574263  .0014646586
  .0078533835  .0014624672
  .0078493415  .0014602811
  .0078452986  .0014580993
  .0078412560  .0014559225
  .0078372140  .0014537509
  .0078331708  .0014515834
  .0078291293  .0014494217
  .0078250862  .0014472639
  .0078210436  .0014451112
  .0078170015  .0014429637
  .0078129586  .0014408205
  .0078089162  .0014386824
  .0078048736  .0014365489
  .0078008309  .0014344203
  .0077967884  .0014322966
  .0077927456  .0014301776
  .0077887031  .0014280636
  .0077846609  .0014259545
  .0077806178  .0014238498
  .0077765756  .0014217503
  .0077725331  .0014196556
  .0077684906  .0014175657
  .0077644479  .0014154804
  .0077604054  .0014134001
  .0077563632  .0014113248
  .0077523200  .0014092538
  .0077482779  .0014071882
  .0077442354  .0014051272
  .0077401925  .0014030708
  .0077361500  .0014010194
  .0077321079  .0013989731
  .0077280654  .0013969314
  .0077240226  .0013948943
  .0077199801  .0013928623
  .0077159379  .0013908352
  .0077118948  .0013888124
  .0077078526  .0013867950
  .0077038102  .0013847822
  .0076997673  .0013827741
  .0076957248  .0013807709
  .0076916826  .0013787728
  .0076876395  .0013767790
  .0076835973  .0013747905
  .0076795548  .0013728066
  .0076755123  .0013708276
  .0076714696  .0013688533
  .0076674271  .0013668839
  .0076633849  .0013649195
  .0076593418  .0013629594
  .0076552996  .0013610047
  .0076512571  .0013590546
  .0076472142  .0013571091
  .0076431718  .0013551687
  .0076391293  .0013532331
  .0076350871  .0013513024
  .0076310440  .0013493761
  .0076270017  .0013474551
  .0076229594  .0013455388
  .0076189166  .0013436272
  .0076148740  .0013417204
  .0076108318  .0013398187
  .0076067887  .0013379213
  .0076027464  .0013360292
  .0075987041  .0013341419
  .0075946618  .0013322594
  .0075906187  .0013303814
  .0075865764  .0013285085
  .0075825341  .0013266405
  .0075784914  .0013247771
  .0075744488  .0013229186
  .0075704065  .0013210650
  .0075663634  .0013192159
  .0075623214  .0013173721
  .0075582788  .0013155329
  .0075542362  .0013136985
  .0075501935  .0013118688
  .0075461509  .0013100441
  .0075421089  .0013082244
  .0075380658  .0013064091
  .0075340235  .0013045989
  .0075299809  .0013027934
  .0075259381  .0013009927
  .0075218958  .0012991970
  .0075178532  .0012974060
  .0075138108  .0012956199
  .0075097679  .0012938384
  .0075057259  .0012920621
  .0075016833  .0012902904
  .0074976405  .0012885234
  .0074935979  .0012867613
  .0074895557  .0012850042
  .0074855126  .0012832516
  .0074814706  .0012815042
  .0074774280  .0012797614
  .0074733852  .0012780234
  .0074693426  .0012762903
  .0074653006  .0012745622
  .0074612578  .0012728386
  .0074572153  .0012711200
  .0074531727  .0012694061
  .0074491302  .0012676971
  .0074450873  .0012659928
  .0074410453  .0012642937
  .0074370027  .0012625991
  .0074329599  .0012609093
  .0074289174  .0012592244
  .0074248750  .0012575444
  .0074208326  .0012558692
  .0074167897  .0012541986
  .0074127474  .0012525331
  .0074087049  .0012508724
  .0074046620  .0012492163
  .0074006197  .0012475652
  .0073965770  .0012459188
  .0073925350  .0012442775
  .0073884917  .0012426406
  .0073844498  .0012410090
  .0073804070  .0012393819
  .0073763644  .0012377596
  .0073723218  .0012361422
  .0073682797  .0012345298
  .0073642367  .0012329219
  .0073601945  .0012313191
  .0073561517  .0012297209
  .0073521094  .0012281277
  .0073480665  .0012265392
  .0073440240  .0012249555
  .0073399818  .0012233769
  .0073359392  .0012218028
  .0073318966  .0012202337
  .0073278541  .0012186693
  .0073238115  .0012171098
  .0073197689  .0012155551
  .0073157265  .0012140053
  .0073116841  .0012124603
  .0073076413  .0012109199
  .0073035988  .0012093845
  .0072995565  .0012078541
  .0072955134  .0012063281
  .0072914712  .0012048073
  .0072874288  .0012032912
  .0072833862  .0012017799
  .0072793435  .0012002734
  .0072753009  .0011987717
  .0072712583  .0011972748
  .0072672159  .0011957829
  .0072631735  .0011942958
  .0072591309  .0011928134
  .0072550883  .0011913358
  .0072510458  .0011898631
  .0072470036  .0011883953
  .0072429605  .0011869320
  .0072389182  .0011854739
  .0072348756  .0011840205
  .0072308330  .0011825718
  .0072267905  .0011811281
  .0072227479  .0011796891
  .0072187057  .0011782550
  .0072146627  .0011768256
  .0072106206  .0011754012
  .0072065779  .0011739815
  .0072025353  .0011725666
  .0071984926  .0011711565
  .0071944504  .0011697514
  .0071904073  .0011683509
  .0071863653  .0011669555
  .0071823227  .0011655647
  .0071782804  .0011641789
  .0071742373  .0011627976
  .0071701953  .0011614215
  .0071661527  .0011600501
  .0071621100  .0011586834
  .0071580674  .0011573215
  .0071540254  .0011559647
  .0071499821  .0011546123
  .0071459400  .0011532651
  .0071418974  .0011519226
  .0071378550  .0011505850
  .0071338121  .0011492519
  .0071297697  .0011479239
  .0071257275  .0011466008
  .0071216844  .0011452822
  .0071176421  .0011439687
  .0071135997  .0011426600
  .0071095568  .0011413560
  .0071055144  .0011400569
  .0071014718  .0011387626
  .0070974298  .0011374733
  .0070933868  .0011361885
  .0070893445  .0011349087
  .0070853018  .0011336337
  .0070812591  .0011323634
  .0070772165  .0011310981
  .0070731745  .0011298377
  .0070691314  .0011285818
  .0070650892  .0011273310
  .0070610466  .0011260849
  .0070570046  .0011248438
  .0070529614  .0011236072
  .0070489192  .0011223757
  .0070448766  .0011211489
  .0070408339  .0011199269
  .0070367913  .0011187097
  .0070327489  .0011174974
  .0070287061  .0011162899
  .0070246634  .0011150871
  .0070206218  .0011138880
  .0070165798  .0011126906
  .0070125374  .0011114951
  .0070084954  .0011103016
  .0070044534  .0011091101
  .0070004108  .0011079203
  .0069963688  .0011067326
  .0069923272  .0011055470
  .0069882849  .0011043631
  .0069842428  .0011031812
  .0069802007  .0011020013
  .0069761587  .0011008233
  .0069721165  .0010996472
  .0069680742  .0010984729
  .0069640325  .0010973009
  .0069599898  .0010961304
  .0069559482  .0010949622
  .0069519061  .0010937958
  .0069478638  .0010926313
  .0069438216  .0010914687
  .0069397796  .0010903081
  .0069357376  .0010891495
  .0069316952  .0010879927
  .0069276536  .0010868380
  .0069236116  .0010856852
  .0069195692  .0010845342
  .0069155271  .0010833852
  .0069114849  .0010822381
  .0069074426  .0010810929
  .0069034005  .0010799497
  .0068993585  .0010788085
  .0068953169  .0010776693
  .0068912745  .0010765319
  .0068872326  .0010753965
  .0068831903  .0010742629
  .0068791480  .0010731313
  .0068751060  .0010720017
  .0068710638  .0010708740
  .0068670216  .0010697482
  .0068629799  .0010686244
  .0068589379  .0010675026
  .0068548957  .0010663826
  .0068508533  .0010652645
  .0068468113  .0010641484
  .0068427693  .0010630343
  .0068387269  .0010619220
  .0068346849  .0010608118
  .0068306433  .0010597036
  .0068266003  .0010585969
  .0068225587  .0010574926
  .0068185166  .0010563900
  .0068144743  .0010552894
  .0068104322  .0010541907
  .0068063902  .0010530940
  .0068023486  .0010519993
  .0067983057  .0010509062
  .0067942641  .0010498155
  .0067902220  .0010487265
  .0067861797  .0010476394
  .0067821376  .0010465543
  .0067780956  .0010454711
  .0067740531  .0010443897
  .0067700111  .0010433104
  .0067659691  .0010422331
  .0067619273  .0010411577
  .0067578850  .0010400842
  .0067538430  .0010390126
  .0067498010  .0010379430
  .0067457586  .0010368752
  .0067417164  .0010358094
  .0067376748  .0010347457
  .0067336321  .0010336837
  .0067295904  .0010326238
  .0067255484  .0010315659
  .0067215063  .0010305098
  .0067174640  .0010294556
  .0067134217  .0010284033
  .0067093797  .0010273530
  .0067053375  .0010263047
  .0067012953  .0010252582
  .0066972537  .0010242139
  .0066932114  .0010231713
  .0066891693  .0010221307
  .0066851274  .0010210921
  .0066810852  .0010200553
  .0066770428  .0010190204
  .0066730008  .0010179876
  .0066689591  .0010169568
  .0066649164  .0010159276
  .0066608748  .0010149007
  .0066568327  .0010138756
  .0066527901  .0010128523
  .0066487481  .0010118310
  .0066447061  .0010108118
  .0066406641  .0010097944
  .0066366217  .0010087789
  .0066325801  .0010077655
  .0066285380  .0010067539
  .0066244952  .0010057439
  .0066204531  .0010047358
  .0066164108  .0010037292
  .0066123680  .0010027241
  .0066083260  .0010017209
  .0066042837  .0010007193
  .0066002416  .0009997194
  .0065961988  .0009987209
  .0065921569  .0009977244
  .0065881145  .0009967293
  .0065840716  .0009957358
  .0065800298  .0009947442
  .0065759874  .0009937541
  .0065719450  .0009927657
  .0065679027  .0009917789
  .0065638606  .0009907939
  .0065598181  .0009898104
  .0065557759  .0009888286
  .0065517334  .0009878484
  .0065476910  .0009868699
  .0065436488  .0009858930
  .0065396063  .0009849178
  .0065355643  .0009839443
  .0065315216  .0009829723
  .0065274796  .0009820021
  .0065234371  .0009810335
  .0065193952  .0009800667
  .0065153524  .0009791013
  .0065113100  .0009781376
  .0065072682  .0009771757
  .0065032253  .0009762152
  .0064991833  .0009752566
  .0064951409  .0009742996
  .0064910981  .0009733441
  .0064870561  .0009723904
  .0064830138  .0009714383
  .0064789717  .0009704880
  .0064749290  .0009695391
  .0064708869  .0009685920
  .0064668446  .0009676466
  .0064628018  .0009667026
  .0064587599  .0009657605
  .0064547174  .0009648200
  .0064506751  .0009638811
  .0064466328  .0009629439
  .0064425908  .0009620084
  .0064385483  .0009610744
  .0064345057  .0009601421
  .0064304635  .0009592115
  .0064264215  .0009582826
  .0064223788  .0009573552
  .0064183364  .0009564296
  .0064142944  .0009555056
  .0064102516  .0009545832
  .0064062098  .0009536626
  .0064021673  .0009527435
  .0063981254  .0009518262
  .0063940826  .0009509103
  .0063900401  .0009499962
  .0063859982  .0009490838
  .0063819554  .0009481729
  .0063779135  .0009472639
  .0063738710  .0009463564
  .0063698283  .0009454504
  .0063657862  .0009445463
  .0063617437  .0009436437
  .0063577016  .0009427429
  .0063536591  .0009418436
  .0063496171  .0009409461
  .0063455747  .0009400502
  .0063415320  .0009391558
  .0063374899  .0009382632
  .0063334476  .0009373722
  .0063294052  .0009364829
  .0063253628  .0009355952
  .0063213209  .0009347093
  .0063172781  .0009338248
  .0063132356  .0009329420
  .0063091938  .0009320611
  .0063051518  .0009311817
  .0063011089  .0009303038
  .0062970666  .0009294277
  .0062930246  .0009285533
  .0062889819  .0009276805
  .0062849394  .0009268093
  .0062808973  .0009259398
  .0062768546  .0009250719
  .0062728126  .0009242057
  .0062687704  .0009233412
  .0062647282  .0009224783
  .0062606856  .0009216170
  .0062566435  .0009207575
  .0062526009  .0009198995
  .0062485583  .0009190431
  .0062445166  .0009181886
  .0062404740  .0009173356
  .0062364313  .0009164841
  .0062323892  .0009156345
  .0062283470  .0009147865
  .0062243050  .0009139402
  .0062202619  .0009130953
  .0062162201  .0009122523
  .0062121777  .0009114108
  .0062081355  .0009105711
  .0062040929  .0009097329
  .0062000511  .0009088966
  .0061960081  .0009080616
  .0061919659  .0009072284
  .0061879239  .0009063970
  .0061838817  .0009055671
  .0061798391  .0009047388
  .0061757966  .0009039122
  .0061717548  .0009030874
  .0061677120  .0009022641
  .0061636696  .0009014424
  .0061596274  .0009006225
  .0061555847  .0008998041
  .0061515427  .0008989875
  .0061475005  .0008981726
  .0061434584  .0008973592
  .0061394158  .0008965475
  .0061353736  .0008957375
  .0061313310  .0008949290
  .0061272885  .0008941222
  .0061232467  .0008933172
  .0061192041  .0008925137
  .0061151614  .0008917119
  .0061111194  .0008909118
  .0061070773  .0008901133
  .0061030351  .0008893165
  .0060989920  .0008885212
  .0060949502  .0008877278
  .0060909078  .0008869358
  .0060868656  .0008861456
  .0060828230  .0008853570
  .0060787813  .0008845702
  .0060747383  .0008837848
  .0060706961  .0008830012
  .0060666538  .0008822192
  .0060626114  .0008814389
  .0060585692  .0008806602
  .0060545266  .0008798831
  .0060504849  .0008791079
  .0060464423  .0008783341
  .0060423996  .0008775620
  .0060383577  .0008767916
  .0060343149  .0008760228
  .0060302727  .0008752557
  .0060262306  .0008744903
  .0060221885  .0008737265
  .0060181458  .0008729643
  .0060141033  .0008722038
  .0060100612  .0008714449
  .0060060185  .0008706877
  .0060019768  .0008699322
  .0059979342  .0008691783
  .0059938915  .0008684260
  .0059898495  .0008676754
  .0059858074  .0008669265
  .0059817652  .0008661792
  .0059777222  .0008654335
  .0059736804  .0008646896
  .0059696378  .0008639472
  .0059655957  .0008632065
  .0059615531  .0008624675
  .0059575114  .0008617302
  .0059534684  .0008609943
  .0059494262  .0008602603
  .0059453840  .0008595279
  .0059413415  .0008587971
  .0059372993  .0008580680
  .0059332567  .0008573404
  .0059292151  .0008566147
  .0059251720  .0008558904
  .0059211298  .0008551679
  .0059170877  .0008544471
  .0059130450  .0008537278
  .0059090029  .0008530103
  .0059049608  .0008522944
  .0059009177  .0008515800
  .0058968759  .0008508675
  .0058928335  .0008501565
  .0058887913  .0008494472
  .0058847487  .0008487395
  .0058807066  .0008480336
  .0058766644  .0008473292
  .0058726222  .0008466265
  .0058685797  .0008459254
  .0058645370  .0008452260
  .0058604948  .0008445283
  .0058564523  .0008438321
  .0058524106  .0008431378
  .0058483680  .0008424450
  .0058443258  .0008417538
  .0058402833  .0008410643
  .0058362412  .0008403765
  .0058321985  .0008396903
  .0058281563  .0008390057
  .0058241142  .0008383229
  .0058200716  .0008376416
  .0058160295  .0008369621
  .0058119869  .0008362841
  .0058079452  .0008356079
  .0058039021  .0008349332
  .0057998599  .0008342602
  .0057958178  .0008335889
  .0057917752  .0008329192
  .0057877331  .0008322512
  .0057836909  .0008315849
  .0057796479  .0008309200
  .0057756061  .0008302571
  .0057715636  .0008295956
  .0057675215  .0008289359
  .0057634788  .0008282777
  .0057594367  .0008276213
  .0057553945  .0008269665
  .0057513523  .0008263134
  .0057473097  .0008256618
  .0057432672  .0008250119
  .0057392250  .0008243638
  .0057351824  .0008237172
  .0057311407  .0008230724
  .0057270981  .0008224291
  .0057230559  .0008217875
  .0057190134  .0008211475
  .0057149713  .0008205093
  .0057109286  .0008198726
  .0057068864  .0008192376
  .0057028443  .0008186043
  .0056988016  .0008179726
  .0056947596  .0008173426
  .0056907170  .0008167141
  .0056866752  .0008160875
  .0056826323  .0008154623
  .0056785900  .0008148389
  .0056745479  .0008142172
  .0056705053  .0008135970
  .0056664632  .0008129785
  .0056624210  .0008123617
  .0056583780  .0008117465
  .0056543362  .0008111330
  .0056502936  .0008105211
  .0056462516  .0008099109
  .0056422089  .0008093023
  .0056381668  .0008086954
  .0056341246  .0008080902
  .0056300819  .0008074865
  .0056260399  .0008068846
  .0056219978  .0008062843
  .0056179551  .0008056856
  .0056139125  .0008050886
  .0056098709  .0008044933
  .0056058283  .0008038996
  .0056017861  .0008033076
  .0055977435  .0008027171
  .0055937015  .0008021284
  .0055896587  .0008015413
  .0055856162  .0008009558
  .0055815745  .0008003721
  .0055775318  .0007997899
  .0055734898  .0007992094
  .0055694471  .0007986306
  .0055654054  .0007980535
  .0055613625  .0007974778
  .0055573202  .0007969040
  .0055532781  .0007963318
  .0055492354  .0007957611
  .0055451934  .0007951922
  .0055411508  .0007946249
  .0055371082  .0007940593
  .0055330665  .0007934954
  .0055290238  .0007929330
  .0055249818  .0007923724
  .0055209390  .0007918133
  .0055168970  .0007912560
  .0055128548  .0007907003
  .0055088118  .0007901461
  .0055047701  .0007895938
  .0055007280  .0007890430
  .0054966854  .0007884939
  .0054926427  .0007879464
  .0054886009  .0007874006
  .0054845584  .0007868565
  .0054805157  .0007863139
  .0054764737  .0007857731
  .0054724316  .0007852339
  .0054683890  .0007846963
  .0054643463  .0007841604
  .0054603046  .0007836262
  .0054562618  .0007830936
  .0054522199  .0007825627
  .0054481773  .0007820334
  .0054441346  .0007815057
  .0054400926  .0007809797
  .0054360502  .0007804554
  .0054320082  .0007799327
  .0054279655  .0007794116
  .0054239235  .0007788923
  .0054198809  .0007783745
  .0054158382  .0007778584
  .0054117966  .0007773441
  .0054077539  .0007768312
  .0054037118  .0007763201
  .0053996691  .0007758106
  .0053956271  .0007753028
  .0053915849  .0007747967
  .0053875422  .0007742921
  .0053835002  .0007737893
  .0053794575  .0007732880
  .0053754154  .0007727885
  .0053713728  .0007722905
  .0053673310  .0007717944
  .0053632881  .0007712997
  .0053592458  .0007708067
  .0053552037  .0007703154
  .0053511618  .0007698258
  .0053471191  .0007693378
  .0053430768  .0007688514
  .0053390347  .0007683668
  .0053349920  .0007678837
  .0053309500  .0007674023
  .0053269075  .0007669225
  .0053228647  .0007664444
  .0053188227  .0007659680
  .0053147805  .0007654932
  .0053107383  .0007650201
  .0053066957  .0007645485
  .0053026536  .0007640787
  .0052986111  .0007636105
  .0052945683  .0007631439
  .0052905266  .0007626791
  .0052864841  .0007622159
  .0052824419  .0007617543
  .0052783994  .0007612944
  .0052743571  .0007608361
  .0052703152  .0007603792
  .0052662727  .0007599236
  .0052622303  .0007594692
  .0052581884  .0007590162
  .0052541458  .0007585644
  .0052501035  .0007581139
  .0052460616  .0007576647
  .0052420190  .0007572167
  .0052379772  .0007567701
  .0052339347  .0007563247
  .0052298929  .0007558806
  .0052258502  .0007554377
  .0052218080  .0007549962
  .0052177660  .0007545559
  .0052137234  .0007541169
  .0052096811  .0007536791
  .0052056392  .0007532427
  .0052015966  .0007528075
  .0051975543  .0007523736
  .0051935124  .0007519410
  .0051894700  .0007515096
  .0051854280  .0007510796
  .0051813856  .0007506508
  .0051773431  .0007502233
  .0051733011  .0007497970
  .0051692587  .0007493721
  .0051652169  .0007489484
  .0051611742  .0007485260
  .0051571320  .0007481049
  .0051530899  .0007476850
  .0051490477  .0007472665
  .0051450052  .0007468491
  .0051409632  .0007464331
  .0051369210  .0007460184
  .0051328784  .0007456049
  .0051288364  .0007451928
  .0051247943  .0007447819
  .0051207517  .0007443722
  .0051167095  .0007439638
  .0051126674  .0007435568
  .0051086256  .0007431510
  .0051045827  .0007427464
  .0051005408  .0007423432
  .0050964989  .0007419413
  .0050924560  .0007415405
  .0050884140  .0007411411
  .0050843720  .0007407430
  .0050803293  .0007403461
  .0050762871  .0007399505
  .0050722450  .0007395562
  .0050682032  .0007391633
  .0050641604  .0007387715
  .0050601186  .0007383810
  .0050560764  .0007379918
  .0050520336  .0007376039
  .0050479916  .0007372172
  .0050439496  .0007368319
  .0050399068  .0007364478
  .0050358649  .0007360650
  .0050318226  .0007356833
  .0050277802  .0007353025
  .0050237380  .0007349227
  .0050196957  .0007345439
  .0050156537  .0007341661
  .0050116110  .0007337892
  .0050075687  .0007334133
  .0050035268  .0007330383
  .0049994841  .0007326643
  .0049954419  .0007322913
  .0049913998  .0007319193
  .0049873572  .0007315481
  .0049833148  .0007311780
  .0049792729  .0007308088
  .0049752308  .0007304407
  .0049711880  .0007300734
  .0049671460  .0007297071
  .0049631037  .0007293418
  .0049590610  .0007289774
  .0049550191  .0007286141
  .0049509769  .0007282516
  .0049469342  .0007278902
  .0049428922  .0007275297
  .0049388499  .0007271702
  .0049348078  .0007268116
  .0049307652  .0007264540
  .0049267230  .0007260974
  .0049226810  .0007257417
  .0049186383  .0007253870
  .0049145960  .0007250332
  .0049105540  .0007246805
  .0049065113  .0007243286
  .0049024692  .0007239778
  .0048984272  .0007236279
  .0048943849  .0007232790
  .0048903422  .0007229310
  .0048863002  .0007225840
  .0048822579  .0007222380
  .0048782152  .0007218929
  .0048741733  .0007215488
  .0048701310  .0007212057
  .0048660884  .0007208635
  .0048620463  .0007205223
  .0048580041  .0007201820
  .0048539620  .0007198428
  .0048499193  .0007195043
  .0048458774  .0007191669
  .0048418352  .0007188303
  .0048377928  .0007184946
  .0048337506  .0007181599
  .0048297085  .0007178261
  .0048256660  .0007174931
  .0048216239  .0007171611
  .0048175817  .0007168300
  .0048135397  .0007164998
  .0048094970  .0007161705
  .0048054550  .0007158421
  .0048014128  .0007155146
  .0047973701  .0007151880
  .0047933282  .0007148624
  .0047892862  .0007145376
  .0047852435  .0007142138
  .0047812013  .0007138908
  .0047771593  .0007135688
  .0047731173  .0007132477
  .0047690746  .0007129275
  .0047650325  .0007126082
  .0047609905  .0007122898
  .0047569477  .0007119723
  .0047529058  .0007116558
  .0047488636  .0007113401
  .0047448211  .0007110253
  .0047407789  .0007107115
  .0047367369  .0007103986
  .0047326947  .0007100865
  .0047286523  .0007097754
  .0047246101  .0007094652
  .0047205680  .0007091559
  .0047165254  .0007088475
  .0047124834  .0007085400
  .0047084412  .0007082334
  .0047043988  .0007079278
  .0047003565  .0007076230
  .0046963145  .0007073192
  .0046922723  .0007070162
  .0046882299  .0007067142
  .0046841876  .0007064131
  .0046801456  .0007061129
  .0046761030  .0007058136
  .0046720610  .0007055152
  .0046680187  .0007052177
  .0046639761  .0007049211
  .0046599341  .0007046254
  .0046558918  .0007043307
  .0046518499  .0007040368
  .0046478073  .0007037439
  .0046437652  .0007034519
  .0046397230  .0007031607
  .0046356806  .0007028705
  .0046316384  .0007025812
  .0046275963  .0007022928
  .0046235537  .0007020053
  .0046195117  .0007017188
  .0046154695  .0007014331
  .0046114275  .0007011483
  .0046073848  .0007008645
  .0046033429  .0007005815
  .0045993007  .0007002995
  .0045952580  .0007000183
  .0045912161  .0006997382
  .0045871740  .0006994589
  .0045831313  .0006991804
  .0045790892  .0006989029
  .0045750471  .0006986264
  .0045710044  .0006983507
  .0045669626  .0006980759
  .0045629203  .0006978021
  .0045588782  .0006975292
  .0045548357  .0006972571
  .0045507937  .0006969860
  .0045467514  .0006967158
  .0045427090  .0006964464
  .0045386668  .0006961780
  .0045346247  .0006959106
  .0045305822  .0006956440
  .0045265401  .0006953783
  .0045224979  .0006951135
  .0045184558  .0006948497
  .0045144133  .0006945867
  .0045103713  .0006943247
  .0045063290  .0006940636
  .0045022866  .0006938033
  .0044982443  .0006935440
  .0044942024  .0006932856
  .0044901598  .0006930281
  .0044861177  .0006927716
  .0044820754  .0006925159
  .0044780334  .0006922611
  .0044739909  .0006920072
  .0044699488  .0006917543
  .0044659066  .0006915023
  .0044618640  .0006912511
  .0044578220  .0006910009
  .0044537798  .0006907516
  .0044497374  .0006905032
  .0044456951  .0006902557
  .0044416531  .0006900091
  .0044376110  .0006897634
  .0044335685  .0006895187
  .0044295264  .0006892748
  .0044254843  .0006890319
  .0044214416  .0006887898
  .0044173997  .0006885487
  .0044133575  .0006883085
  .0044093150  .0006880691
  .0044052728  .0006878307
  .0044012308  .0006875932
  .0043971886  .0006873566
  .0043931461  .0006871210
  .0043891039  .0006868862
  .0043850619  .0006866523
  .0043810193  .0006864194
  .0043769772  .0006861873
  .0043729350  .0006859562
  .0043688926  .0006857260
  .0043648504  .0006854966
  .0043608084  .0006852682
  .0043567661  .0006850408
  .0043527237  .0006848141
  .0043486815  .0006845883
  .0043446394  .0006843631
  .0043405969  .0006841385
  .0043365548  .0006839146
  .0043325126  .0006836914
  .0043284702  .0006834687
  .0043244280  .0006832468
  .0043203859  .0006830254
  .0043163437  .0006828048
  .0043123011  .0006825847
  .0043082589  .0006823653
  .0043042169  .0006821466
  .0043001743  .0006819285
  .0042961323  .0006817110
  .0042920901  .0006814942
  .0042880477  .0006812781
  .0042840054  .0006810626
  .0042799634  .0006808477
  .0042759213  .0006806335
  .0042718788  .0006804199
  .0042678366  .0006802070
  .0042637946  .0006799948
  .0042597520  .0006797831
  .0042557100  .0006795721
  .0042516680  .0006793618
  .0042476252  .0006791521
  .0042435829  .0006789431
  .0042395410  .0006787347
  .0042354989  .0006785269
  .0042314563  .0006783198
  .0042274143  .0006781134
  .0042233721  .0006779076
  .0042193297  .0006777024
  .0042152875  .0006774979
  .0042112454  .0006772940
  .0042072029  .0006770908
  .0042031608  .0006768882
  .0041991186  .0006766863
  .0041950766  .0006764850
  .0041910338  .0006762843
  .0041869920  .0006760844
  .0041829497  .0006758850
  .0041789072  .0006756863
  .0041748649  .0006754883
  .0041708229  .0006752909
  .0041667804  .0006750941
  .0041627382  .0006748980
  .0041586961  .0006747025
  .0041546541  .0006745077
  .0041506115  .0006743135
  .0041465694  .0006741200
  .0041425274  .0006739272
  .0041384848  .0006737349
  .0041344428  .0006735433
  .0041304006  .0006733524
  .0041263578  .0006731621
  .0041223159  .0006729725
  .0041182739  .0006727835
  .0041142312  .0006725951
  .0041101891  .0006724074
  .0041061469  .0006722203
  .0041021048  .0006720339
  .0040980623  .0006718482
  .0040940203  .0006716630
  .0040899781  .0006714786
  .0040859356  .0006712947
  .0040818934  .0006711116
  .0040778514  .0006709290
  .0040738088  .0006707471
  .0040697669  .0006705659
  .0040657246  .0006703853
  .0040616825  .0006702054
  .0040576398  .0006700261
  .0040535980  .0006698474
  .0040495559  .0006696694
  .0040455132  .0006694920
  .0040414710  .0006693153
  .0040374289  .0006691393
  .0040333864  .0006689638
  .0040293443  .0006687891
  .0040253022  .0006686149
  .0040212600  .0006684415
  .0040172175  .0006682686
  .0040131754  .0006680964
  .0040091333  .0006679249
  .0040050909  .0006677540
  .0040010488  .0006675838
  .0039970066  .0006674142
  .0039929640  .0006672452
  .0039889217  .0006670769
  .0039848799  .0006669092
  .0039808377  .0006667422
  .0039767951  .0006665758
  .0039727529  .0006664101
  .0039687109  .0006662451
  .0039646683  .0006660806
  .0039606262  .0006659168
  .0039565842  .0006657537
  .0039525416  .0006655912
  .0039484995  .0006654294
  .0039444574  .0006652682
  .0039404153  .0006651076
  .0039363728  .0006649477
  .0039323308  .0006647885
  .0039282885  .0006646299
  .0039242457  .0006644719
  .0039202040  .0006643146
  .0039161617  .0006641579
  .0039121192  .0006640019
  .0039080771  .0006638465
  .0039040348  .0006636918
  .0038999925  .0006635377
  .0038959503  .0006633842
  .0038919082  .0006632315
  .0038878658  .0006630793
  .0038838238  .0006629278
  .0038797814  .0006627770
  .0038757392  .0006626268
  .0038716971  .0006624772
  .0038676548  .0006623283
  .0038636125  .0006621800
  .0038595703  .0006620324
  .0038555277  .0006618854
  .0038514857  .0006617391
  .0038474433  .0006615934
  .0038434013  .0006614484
  .0038393589  .0006613040
  .0038353167  .0006611603
  .0038312746  .0006610172
  .0038272322  .0006608747
  .0038231900  .0006607329
  .0038191479  .0006605918
  .0038151056  .0006604513
  .0038110634  .0006603114
  .0038070211  .0006601722
  .0038029789  .0006600336
  .0037989368  .0006598957
  .0037948942  .0006597584
  .0037908522  .0006596218
  .0037868097  .0006594858
  .0037827677  .0006593505
  .0037787252  .0006592158
  .0037746830  .0006590818
  .0037706409  .0006589484
  .0037665986  .0006588156
  .0037625564  .0006586835
  .0037585143  .0006585521
  .0037544719  .0006584213
  .0037504298  .0006582911
  .0037463874  .0006581615
  .0037423453  .0006580325
  .0037383029  .0006579040
  .0037342607  .0006577761
  .0037302185  .0006576486
  .0037261761  .0006575217
  .0037221340  .0006573953
  .0037180918  .0006572695
  .0037140495  .0006571442
  .0037100071  .0006570194
  .0037059652  .0006568951
  .0037019231  .0006567714
  .0036978807  .0006566481
  .0036938382  .0006565254
  .0036897962  .0006564033
  .0036857539  .0006562817
  .0036817118  .0006561606
  .0036776693  .0006560400
  .0036736271  .0006559199
  .0036695849  .0006558004
  .0036655427  .0006556814
  .0036615007  .0006555630
  .0036574581  .0006554450
  .0036534159  .0006553276
  .0036493737  .0006552107
  .0036453315  .0006550944
  .0036412892  .0006549785
  .0036372470  .0006548632
  .0036332047  .0006547485
  .0036291627  .0006546342
  .0036251200  .0006545205
  .0036210782  .0006544073
  .0036170359  .0006542947
  .0036129937  .0006541825
  .0036089515  .0006540709
  .0036049091  .0006539599
  .0036008669  .0006538493
  .0035968248  .0006537393
  .0035927823  .0006536298
  .0035887401  .0006535208
  .0035846979  .0006534124
  .0035806558  .0006533045
  .0035766135  .0006531971
  .0035725710  .0006530902
  .0035685290  .0006529839
  .0035644867  .0006528781
  .0035604447  .0006527729
  .0035564021  .0006526681
  .0035523598  .0006525639
  .0035483179  .0006524602
  .0035442757  .0006523570
  .0035402336  .0006522544
  .0035361911  .0006521523
  .0035321488  .0006520507
  .0035281066  .0006519497
  .0035240645  .0006518492
  .0035200221  .0006517492
  .0035159799  .0006516497
  .0035119375  .0006515508
  .0035078955  .0006514524
  .0035038530  .0006513545
  .0034998109  .0006512571
  .0034957686  .0006511602
  .0034917263  .0006510639
  .0034876841  .0006509681
  .0034836418  .0006508728
  .0034795998  .0006507780
  .0034755575  .0006506838
  .0034715151  .0006505900
  .0034674730  .0006504968
  .0034634307  .0006504041
  .0034593886  .0006503120
  .0034553464  .0006502203
  .0034513040  .0006501292
  .0034472617  .0006500386
  .0034432197  .0006499485
  .0034391773  .0006498589
  .0034351353  .0006497699
  .0034310929  .0006496813
  .0034270506  .0006495933
  .0034230082  .0006495058
  .0034189657  .0006494189
  .0034149237  .0006493324
  .0034108814  .0006492465
  .0034068394  .0006491611
  .0034027969  .0006490762
  .0033987547  .0006489918
  .0033947126  .0006489080
  .0033906702  .0006488247
  .0033866283  .0006487419
  .0033825859  .0006486596
  .0033785437  .0006485778
  .0033745012  .0006484965
  .0033704590  .0006484158
  .0033664171  .0006483356
  .0033623747  .0006482559
  .0033583323  .0006481768
  .0033542902  .0006480981
  .0033502479  .0006480200
  .0033462058  .0006479424
  .0033421634  .0006478653
  .0033381212  .0006477888
  .0033340792  .0006477127
  .0033300367  .0006476372
  .0033259947  .0006475622
  .0033219524  .0006474877
  .0033179099  .0006474137
  .0033138675  .0006473403
  .0033098254  .0006472674
  .0033057835  .0006471950
  .0033017409  .0006471231
  .0032976985  .0006470517
  .0032936565  .0006469809
  .0032896143  .0006469106
  .0032855720  .0006468408
  .0032815298  .0006467715
  .0032774875  .0006467027
  .0032734453  .0006466345
  .0032694031  .0006465668
  .0032653610  .0006464996
  .0032613187  .0006464329
  .0032572764  .0006463667
  .0032532341  .0006463011
  .0032491919  .0006462360
  .0032451498  .0006461714
  .0032411073  .0006461073
  .0032370652  .0006460437
  .0032330232  .0006459807
  .0032289807  .0006459182
  .0032249386  .0006458562
  .0032208963  .0006457947
  .0032168537  .0006457337
  .0032128119  .0006456733
  .0032087693  .0006456134
  .0032047274  .0006455540
  .0032006850  .0006454951
  .0031966427  .0006454368
  .0031926005  .0006453789
  .0031885583  .0006453216
  .0031845160  .0006452648
  .0031804737  .0006452086
  .0031764314  .0006451528
  .0031723893  .0006450976
  .0031683470  .0006450428
  .0031643048  .0006449887
  .0031602626  .0006449350
  .0031562202  .0006448818
  .0031521781  .0006448292
  .0031481359  .0006447771
  .0031440937  .0006447255
  .0031400514  .0006446744
  .0031360091  .0006446239
  .0031319669  .0006445738
  .0031279245  .0006445243
  .0031238825  .0006444753
  .0031198402  .0006444269
  .0031157979  .0006443789
  .0031117557  .0006443315
  .0031077133  .0006442846
  .0031036714  .0006442382
  .0030996292  .0006441923
  .0030955866  .0006441470
  .0030915446  .0006441021
  .0030875023  .0006440578
  .0030834600  .0006440140
  .0030794178  .0006439708
  .0030753754  .0006439280
  .0030713333  .0006438858
  .0030672910  .0006438441
  .0030632488  .0006438029
  .0030592066  .0006437622
  .0030551641  .0006437221
  .0030511220  .0006436825
  .0030470799  .0006436433
  .0030430377  .0006436048
  .0030389953  .0006435667
  .0030349530  .0006435291
  .0030309109  .0006434921
  .0030268685  .0006434556
  .0030228265  .0006434196
  .0030187841  .0006433842
  .0030147419  .0006433492
  .0030106995  .0006433148
  .0030066574  .0006432809
  .0030026151  .0006432475
  .0029985730  .0006432146
  .0029945305  .0006431823
  .0029904886  .0006431505
  .0029864462  .0006431192
  .0029824038  .0006430884
  .0029783616  .0006430581
  .0029743194  .0006430284
  .0029702775  .0006429992
  .0029662349  .0006429705
  .0029621927  .0006429423
  .0029581505  .0006429146
  .0029541080  .0006428875
  .0029500660  .0006428609
  .0029460237  .0006428348
  .0029419814  .0006428092
  .0029379392  .0006427841
  .0029338969  .0006427596
  .0029298549  .0006427356
  .0029258127  .0006427121
  .0029217701  .0006426891
  .0029177281  .0006426666
  .0029136859  .0006426447
  .0029096436  .0006426233
  .0029056013  .0006426024
  .0029015590  .0006425820
  .0028975170  .0006425621
  .0028934745  .0006425428
  .0028894324  .0006425240
  .0028853901  .0006425057
  .0028813479  .0006424879
  .0028773056  .0006424706
  .0028732634  .0006424539
  .0028692214  .0006424377
  .0028651788  .0006424220
  .0028611366  .0006424068
  .0028570946  .0006423922
  .0028530521  .0006423781
  .0028490102  .0006423647
  .0028449677  .0006423521
  .0028409257  .0006423402
  .0028368832  .0006423290
  .0028328412  .0006423186
  .0028287991  .0006423089
  .0028247567  .0006422999
  .0028207147  .0006422918
  .0028166726  .0006422845
  .0028126307  .0006422781
  .0028085887  .0006422726
  .0028045466  .0006422679
  .0028005045  .0006422640
  .0027964626  .0006422610
  .0027924202  .0006422589
  .0027883784  .0006422576
  .0027843363  .0006422572

